1 0.244837 0.051494 0.040537 0.096461
1 0.306087 0.053624 0.043184 0.092202
1 0.723396 0.044187 0.047590 0.088375
1 0.785529 0.045603 0.046710 0.091206
1 0.788616 0.389797 0.040537 0.109214
1 0.723840 0.388375 0.043184 0.109227
1 0.309173 0.391212 0.042305 0.103552
1 0.244837 0.386959 0.040537 0.103539
1 0.246156 0.717457 0.039658 0.100708
1 0.307410 0.720996 0.047590 0.102123
1 0.722516 0.718165 0.044072 0.102123
1 0.785969 0.720295 0.045831 0.106383
0 0.521572 0.056245 0.791433 0.112490
0 0.526861 0.385537 0.772044 0.146094
0 0.524658 0.715328 0.764104 0.130498
