1 0.242634 0.089083 0.034373 0.086527
1 0.307410 0.092628 0.040537 0.079436
1 0.721633 0.093336 0.037011 0.095033
1 0.787292 0.094043 0.041425 0.093617
1 0.787292 0.391212 0.037891 0.086514
1 0.722516 0.394758 0.037020 0.087942
1 0.308734 0.396887 0.041425 0.089371
1 0.241755 0.395465 0.034373 0.086527
1 0.242195 0.715328 0.035252 0.079436
1 0.308294 0.720288 0.035252 0.089358
1 0.721633 0.716035 0.044064 0.089371
1 0.787736 0.716743 0.038779 0.090786
0 0.520692 0.085544 0.780863 0.124823
0 0.522011 0.390498 0.776450 0.124823
0 0.522015 0.711776 0.774682 0.129083
