1 0.243954 0.279155 0.028200 0.092202
1 0.309173 0.279862 0.035252 0.093617
1 0.723396 0.272772 0.033485 0.096448
1 0.787292 0.274187 0.034373 0.096448
1 0.785969 0.601848 0.029967 0.085111
1 0.722956 0.603270 0.039658 0.085098
1 0.309173 0.611782 0.037011 0.090773
1 0.241311 0.608945 0.033485 0.082267
1 0.242634 0.983906 0.027321 0.032189
1 0.306087 0.982484 0.027321 0.035033
1 0.722512 0.976101 0.035252 0.047798
1 0.786853 0.973263 0.031735 0.053473
0 0.522011 0.270649 0.776450 0.129083
0 0.522895 0.601140 0.778217 0.129069
0 0.521576 0.974685 0.773803 0.050629
