1 0.245277 0.063552 0.029088 0.078008
1 0.308730 0.067097 0.039658 0.076606
1 0.724275 0.062136 0.031726 0.078008
1 0.789939 0.067097 0.036132 0.085098
1 0.790818 0.374194 0.032614 0.089358
1 0.726042 0.373480 0.033485 0.082267
1 0.307410 0.373480 0.038779 0.082267
1 0.243514 0.369934 0.034373 0.072346
1 0.248363 0.681992 0.029967 0.080839
1 0.310057 0.686953 0.031726 0.079436
1 0.722516 0.679869 0.031726 0.087942
1 0.787292 0.682706 0.032614 0.082267
1 0.244397 0.978938 0.029088 0.042123
1 0.307410 0.980360 0.031726 0.039279
1 0.722960 0.976101 0.027321 0.047798
1 0.787732 0.976809 0.028200 0.046383
0 0.514963 0.060721 0.751767 0.100708
0 0.518929 0.364974 0.761474 0.116317
0 0.511881 0.677031 0.752655 0.116317
0 0.515843 0.967595 0.771164 0.064810
