1 0.239988 0.074902 0.032614 0.078008
1 0.305647 0.078447 0.035252 0.082267
1 0.720314 0.069227 0.034373 0.078008
1 0.786413 0.074187 0.036132 0.079436
1 0.785969 0.381284 0.038779 0.086527
1 0.720753 0.378447 0.037011 0.092202
1 0.305208 0.379155 0.032614 0.085098
1 0.242195 0.381992 0.035252 0.082280
1 0.239988 0.688375 0.029080 0.099292
1 0.303005 0.689083 0.044072 0.078008
1 0.719430 0.682700 0.041417 0.090773
1 0.786409 0.691920 0.039658 0.080852
0 0.514963 0.079862 0.769406 0.096448
0 0.516726 0.384830 0.764104 0.104967
0 0.517606 0.692628 0.769397 0.107798
