1 0.243074 0.072916 0.032614 0.092202
1 0.306967 0.076461 0.035252 0.096461
1 0.717227 0.078585 0.036132 0.100708
1 0.784650 0.080007 0.037020 0.097864
1 0.786413 0.436743 0.033493 0.093617
1 0.722077 0.437451 0.038779 0.095033
1 0.308730 0.450931 0.038779 0.099292
1 0.242195 0.449509 0.034373 0.104967
1 0.243514 0.838873 0.033493 0.095046
1 0.308290 0.844548 0.037899 0.100708
1 0.719430 0.828945 0.033485 0.103552
1 0.788616 0.824692 0.036140 0.100708
0 0.522455 0.076461 0.781735 0.147523
0 0.520248 0.438866 0.773803 0.131913
0 0.520248 0.832490 0.773803 0.133342
