1 0.237785 0.043198 0.037899 0.086396
1 0.304324 0.041776 0.038779 0.083552
1 0.714141 0.038231 0.035252 0.076461
1 0.780240 0.033978 0.033493 0.067955
1 0.718107 0.375754 0.034373 0.102123
1 0.785090 0.382844 0.039658 0.102123
1 0.300802 0.384260 0.042305 0.090773
1 0.238225 0.387805 0.037020 0.095033
1 0.234703 0.734620 0.033493 0.107798
1 0.304328 0.733906 0.033493 0.097877
1 0.720314 0.732490 0.035252 0.092189
1 0.785973 0.735328 0.036132 0.106383
0 0.514084 0.049581 0.773803 0.099161
0 0.514963 0.385682 0.770285 0.130498
0 0.514963 0.732490 0.772044 0.137588
