1 0.226327 0.185675 0.053762 0.087942
1 0.317545 0.180714 0.065220 0.095033
1 0.225448 0.496317 0.053762 0.104954
1 0.317545 0.495609 0.065220 0.095046
1 0.226331 0.775747 0.057288 0.107798
1 0.319308 0.773624 0.063453 0.100721
1 0.701804 0.492772 0.065220 0.100721
1 0.701364 0.766533 0.060806 0.092202
1 0.701364 0.182136 0.064340 0.109227
1 0.797427 0.186389 0.053762 0.092202
1 0.797871 0.490642 0.052875 0.102123
1 0.796547 0.772916 0.052003 0.102136
0 0.513640 0.185682 0.787020 0.144679
0 0.512761 0.498447 0.792313 0.157444
0 0.513200 0.775754 0.784381 0.147523
