1 0.250566 0.197733 0.028200 0.089358
1 0.315346 0.199862 0.034373 0.090786
1 0.727801 0.201284 0.039658 0.085111
1 0.792142 0.204122 0.036140 0.068087
1 0.794344 0.492064 0.031735 0.085098
1 0.728685 0.487097 0.043184 0.083683
1 0.315342 0.497733 0.041417 0.073761
1 0.249686 0.492772 0.026441 0.078021
1 0.249682 0.801992 0.029967 0.078008
1 0.313139 0.801278 0.033493 0.082267
1 0.725599 0.806245 0.037011 0.078021
1 0.793905 0.808375 0.034373 0.082280
0 0.537435 0.199862 0.746482 0.107798
0 0.537435 0.493480 0.746482 0.110629
0 0.533469 0.801284 0.743844 0.107811
