1 0.236026 0.047385 0.030847 0.092202
1 0.301242 0.046029 0.036132 0.092058
1 0.718111 0.041068 0.037899 0.082136
1 0.785533 0.042484 0.042305 0.084967
1 0.783327 0.386389 0.032614 0.100721
1 0.718111 0.381422 0.037899 0.096448
1 0.303005 0.379299 0.032606 0.095033
1 0.238229 0.383552 0.033493 0.100708
1 0.235582 0.724685 0.033493 0.085098
1 0.301242 0.728945 0.032614 0.093617
1 0.718990 0.721848 0.037899 0.090773
1 0.783766 0.722556 0.033493 0.089358
0 0.513640 0.054541 0.774691 0.109083
0 0.514520 0.388519 0.769397 0.127654
0 0.514524 0.735328 0.767630 0.120564
