1 0.244393 0.069371 0.028200 0.076592
1 0.307410 0.071501 0.037899 0.080852
1 0.722956 0.065819 0.037020 0.075177
1 0.788172 0.067241 0.042305 0.086514
1 0.787292 0.364397 0.037011 0.093617
1 0.723396 0.363696 0.037899 0.078008
1 0.307850 0.369371 0.040537 0.075177
1 0.244837 0.361566 0.032606 0.068087
1 0.244393 0.660858 0.035252 0.073748
1 0.307410 0.662280 0.043192 0.076592
1 0.722516 0.665826 0.041417 0.083683
1 0.785529 0.665826 0.037020 0.080852
1 0.788616 0.957313 0.034365 0.076592
1 0.723396 0.957313 0.041417 0.076592
1 0.308294 0.959436 0.036132 0.072346
1 0.245277 0.957307 0.040537 0.068087
0 0.517606 0.066527 0.729739 0.102123
0 0.515843 0.365111 0.735024 0.112058
0 0.520252 0.660858 0.740309 0.121979
0 0.524218 0.954541 0.758827 0.090917
