1 0.234703 0.091350 0.051116 0.097877
1 0.324157 0.094902 0.060806 0.099292
1 0.704446 0.099155 0.063453 0.104967
1 0.800513 0.094902 0.054642 0.102123
1 0.231616 0.395609 0.050236 0.107811
1 0.321511 0.400570 0.057288 0.092202
1 0.704446 0.399862 0.063453 0.102136
1 0.800073 0.401284 0.055521 0.096461
1 0.797427 0.709797 0.053762 0.092202
1 0.704886 0.709790 0.062573 0.089358
1 0.323717 0.713342 0.059927 0.099292
1 0.234259 0.707667 0.046710 0.099292
1 0.231616 0.985747 0.043184 0.028506
1 0.328123 0.988585 0.056409 0.022831
1 0.703567 0.987169 0.052883 0.025662
1 0.801397 0.990000 0.049357 0.020000
0 0.523774 0.094902 0.772044 0.158873
0 0.522455 0.417595 0.765871 0.194325
0 0.521572 0.709089 0.771156 0.156029
0 0.522895 0.972982 0.772044 0.054037
