1 0.243958 0.041710 0.030847 0.072333
1 0.309613 0.045256 0.037011 0.079423
1 0.720309 0.046678 0.047590 0.079436
1 0.787732 0.048093 0.041425 0.076606
1 0.241751 0.337451 0.033485 0.082267
1 0.306531 0.337457 0.037899 0.073761
1 0.721197 0.337457 0.038779 0.076592
1 0.788176 0.333906 0.038779 0.078008
1 0.787292 0.642418 0.035252 0.079436
1 0.722077 0.644548 0.047590 0.075177
1 0.311376 0.647379 0.045831 0.075177
1 0.245721 0.648093 0.036132 0.076606
1 0.245277 0.950931 0.033485 0.083696
1 0.307410 0.954476 0.041417 0.085098
1 0.722072 0.950931 0.042305 0.086527
1 0.789055 0.955183 0.038779 0.083683
0 0.524613 0.048866 0.768607 0.097733
0 0.525936 0.320360 0.764202 0.133486
0 0.517166 0.645256 0.787020 0.133342
0 0.522895 0.943906 0.780855 0.112189
