1 0.234703 0.108375 0.051116 0.097877
1 0.328123 0.106959 0.065220 0.097877
1 0.705774 0.098447 0.062573 0.097864
1 0.798310 0.095609 0.059047 0.097877
1 0.801836 0.390649 0.051995 0.095033
1 0.704886 0.389934 0.062573 0.104954
1 0.323713 0.392064 0.054642 0.092202
1 0.232056 0.391350 0.051116 0.102123
1 0.233379 0.704115 0.052003 0.100708
1 0.328563 0.703408 0.059047 0.087942
1 0.703567 0.694902 0.061694 0.096461
1 0.797866 0.690642 0.054642 0.087942
1 0.801397 0.968729 0.058168 0.062543
1 0.707093 0.971566 0.063453 0.056868
1 0.323717 0.972274 0.072272 0.055452
1 0.233379 0.975111 0.048469 0.049777
0 0.522895 0.101284 0.772044 0.140419
0 0.526861 0.394902 0.778217 0.160288
0 0.525542 0.701278 0.779096 0.157444
0 0.525981 0.953126 0.772923 0.093748
