1 0.248803 0.063696 0.029967 0.085111
1 0.314902 0.068657 0.038779 0.083683
1 0.727805 0.058735 0.036132 0.080852
1 0.796107 0.061566 0.037020 0.086514
1 0.248803 0.373617 0.031726 0.075177
1 0.317549 0.377169 0.029967 0.076592
1 0.730892 0.386389 0.035252 0.086514
1 0.793461 0.382136 0.040537 0.083696
1 0.791702 0.672202 0.037020 0.076592
1 0.727805 0.676461 0.041425 0.085111
1 0.315346 0.686389 0.034373 0.079436
1 0.249247 0.680714 0.043184 0.073748
1 0.248803 0.974397 0.028208 0.051206
1 0.312700 0.976527 0.029080 0.046946
1 0.729564 0.976527 0.043184 0.046946
1 0.793021 0.977235 0.036140 0.045531
0 0.536999 0.058021 0.772044 0.104954
0 0.533473 0.375039 0.757940 0.109214
0 0.528184 0.676461 0.750896 0.102123
0 0.532590 0.965183 0.759707 0.069633
