1 0.245277 0.212634 0.040537 0.099292
1 0.309613 0.210505 0.035252 0.097864
1 0.722516 0.216180 0.041417 0.095033
1 0.786853 0.216180 0.032614 0.092202
1 0.788616 0.538873 0.032606 0.099292
1 0.724719 0.535328 0.033493 0.092202
1 0.308294 0.542418 0.043184 0.089371
1 0.245277 0.536743 0.033485 0.083683
1 0.242191 0.862982 0.037899 0.080852
1 0.308734 0.863689 0.029959 0.104967
1 0.724279 0.862274 0.034373 0.090786
1 0.787736 0.860144 0.039658 0.100708
0 0.523779 0.215472 0.775570 0.156029
0 0.525542 0.539581 0.773803 0.126239
0 0.522895 0.855891 0.770285 0.129083
