1 0.248803 0.035393 0.031726 0.070786
1 0.313139 0.042418 0.044064 0.076606
1 0.725599 0.044541 0.035252 0.080852
1 0.786853 0.038873 0.043184 0.066658
1 0.787732 0.342418 0.043184 0.083683
1 0.724719 0.336743 0.037011 0.083683
1 0.311376 0.338159 0.033485 0.083683
1 0.250126 0.333906 0.036132 0.078008
1 0.249686 0.623978 0.028200 0.085098
1 0.313583 0.633906 0.039658 0.079423
1 0.727362 0.645256 0.038779 0.090773
1 0.791702 0.646671 0.037020 0.070931
1 0.792581 0.919010 0.040537 0.093617
1 0.724719 0.917595 0.044064 0.082267
1 0.310493 0.915472 0.042305 0.080852
1 0.247040 0.916180 0.035252 0.079436
0 0.524658 0.053126 0.794951 0.106252
0 0.520692 0.335328 0.799365 0.129083
0 0.527305 0.626107 0.791433 0.129069
0 0.525098 0.921140 0.790554 0.123408
