1 0.246596 0.062988 0.030847 0.089358
1 0.310493 0.068657 0.042305 0.103552
1 0.724279 0.067949 0.043184 0.090786
1 0.790818 0.070786 0.047598 0.093604
1 0.789939 0.423270 0.042305 0.109214
1 0.719430 0.417595 0.047590 0.095033
1 0.310057 0.426815 0.046710 0.102123
1 0.245721 0.420433 0.036132 0.100708
1 0.244397 0.758021 0.029967 0.092189
1 0.310936 0.765111 0.041417 0.089358
1 0.725603 0.763696 0.040537 0.103539
1 0.789055 0.761566 0.038779 0.093617
0 0.529947 0.066533 0.770285 0.119148
0 0.525322 0.419581 0.771897 0.134758
0 0.527891 0.783060 0.763811 0.157208
