1 0.241840 0.157031 0.030847 0.083683
1 0.305297 0.157739 0.041425 0.079436
1 0.722602 0.159155 0.035252 0.082267
1 0.790029 0.161992 0.034373 0.087942
1 0.786938 0.449227 0.031726 0.089358
1 0.716873 0.456317 0.046710 0.086527
1 0.302655 0.450642 0.039658 0.078008
1 0.241401 0.450642 0.037020 0.089358
1 0.238754 0.771920 0.037020 0.076606
1 0.303974 0.769083 0.033485 0.085111
1 0.720843 0.766252 0.035252 0.076592
1 0.786059 0.767661 0.033485 0.082267
0 0.518579 0.169790 0.772923 0.100708
0 0.515932 0.464830 0.771164 0.114902
0 0.517695 0.776173 0.769397 0.102123
