1 0.247569 0.035603 0.029959 0.071206
1 0.311466 0.035603 0.036140 0.071206
1 0.724365 0.034187 0.038779 0.068375
1 0.788265 0.027097 0.039658 0.054194
1 0.245806 0.411638 0.037020 0.110642
1 0.311022 0.410931 0.033493 0.097877
1 0.725248 0.410931 0.035252 0.100708
1 0.789585 0.414476 0.033485 0.110629
1 0.244483 0.800288 0.029080 0.099292
1 0.311466 0.808801 0.037899 0.096448
1 0.721722 0.811638 0.037011 0.087942
1 0.786942 0.813761 0.037011 0.089358
0 0.525187 0.041278 0.794951 0.082556
0 0.529597 0.405963 0.780855 0.136173
0 0.523868 0.802418 0.769397 0.146094
