1 0.242280 0.032058 0.024674 0.064115
1 0.307940 0.031350 0.037899 0.062700
1 0.722166 0.031350 0.037899 0.062700
1 0.785619 0.030642 0.030847 0.061284
1 0.786938 0.356317 0.045831 0.099292
1 0.723485 0.357025 0.038779 0.089358
1 0.306616 0.361992 0.042305 0.093604
1 0.241840 0.358447 0.030847 0.083683
1 0.244043 0.690360 0.029959 0.095033
1 0.307056 0.696743 0.036132 0.090786
1 0.720843 0.685400 0.042305 0.087942
1 0.786059 0.681855 0.031726 0.092202
0 0.522541 0.034895 0.775570 0.069790
0 0.523864 0.353486 0.774682 0.124823
0 0.521221 0.688231 0.765879 0.113473
