1 0.725248 0.014332 0.035252 0.028663
1 0.787826 0.012202 0.038779 0.024404
1 0.312349 0.007949 0.034373 0.015898
1 0.248453 0.283978 0.029967 0.096448
1 0.311466 0.283978 0.041417 0.082267
1 0.724365 0.281140 0.037020 0.085111
1 0.787822 0.286815 0.042305 0.096461
1 0.791348 0.579017 0.040546 0.076592
1 0.723485 0.578309 0.040537 0.086527
1 0.313669 0.578303 0.044064 0.092202
1 0.249332 0.575465 0.028208 0.086527
1 0.248453 0.888231 0.029967 0.096461
1 0.313229 0.891776 0.032614 0.080852
1 0.725244 0.875472 0.038779 0.093617
1 0.789585 0.885393 0.037020 0.079436
0 0.527390 0.022130 0.783493 0.044260
0 0.525627 0.281855 0.771156 0.120564
0 0.528274 0.576887 0.767638 0.129083
0 0.530033 0.899581 0.762345 0.133342
