1 0.248013 0.145682 0.030847 0.092202
1 0.311026 0.149941 0.040537 0.080852
1 0.725248 0.150649 0.035252 0.079436
1 0.786502 0.153480 0.043184 0.079436
1 0.789585 0.455609 0.031726 0.068073
1 0.723925 0.459155 0.036140 0.078021
1 0.310143 0.459155 0.047598 0.078021
1 0.242724 0.453480 0.034373 0.069502
1 0.244923 0.801704 0.033493 0.073761
1 0.307060 0.806671 0.044951 0.072346
1 0.721726 0.808801 0.038779 0.073748
1 0.789585 0.811638 0.042296 0.079423
0 0.506238 0.143552 0.753534 0.124823
0 0.509324 0.449934 0.747362 0.127654
0 0.476714 0.804548 0.724454 0.113473
