1 0.250212 0.043408 0.029967 0.086815
1 0.316315 0.047097 0.035252 0.085098
1 0.724365 0.047097 0.031726 0.085098
1 0.792671 0.049227 0.039658 0.083696
1 0.792671 0.368375 0.032606 0.095046
1 0.728331 0.375465 0.039658 0.083696
1 0.313229 0.381140 0.034373 0.097877
1 0.249328 0.374050 0.035252 0.100708
1 0.248009 0.724404 0.029080 0.100708
1 0.316755 0.730079 0.034373 0.092189
1 0.726572 0.707385 0.037899 0.095033
1 0.795314 0.705963 0.029080 0.112058
0 0.527390 0.054758 0.776441 0.109515
0 0.526950 0.376887 0.779096 0.131913
0 0.525627 0.725826 0.778208 0.129083
