1 0.251095 0.044823 0.042305 0.089646
1 0.313229 0.045537 0.041425 0.091075
1 0.729214 0.049934 0.034373 0.087942
1 0.791787 0.050642 0.051995 0.083696
1 0.790908 0.348512 0.036132 0.092202
1 0.727011 0.345682 0.038779 0.080852
1 0.314548 0.359155 0.040546 0.085098
1 0.247125 0.356317 0.037899 0.090773
1 0.251975 0.661278 0.029959 0.082267
1 0.312349 0.661992 0.034373 0.075177
1 0.729658 0.662700 0.038779 0.087942
1 0.790468 0.663414 0.044064 0.092202
1 0.793990 0.956173 0.049349 0.087654
1 0.729214 0.956881 0.039666 0.086239
1 0.313229 0.963978 0.044943 0.072045
1 0.248888 0.959010 0.043184 0.081979
0 0.526511 0.055465 0.781735 0.110931
0 0.525187 0.353480 0.782622 0.110629
0 0.525187 0.664830 0.779088 0.134744
0 0.523424 0.944823 0.789666 0.110354
