1 0.239634 0.157025 0.038779 0.078008
1 0.304418 0.157025 0.043184 0.086527
1 0.719959 0.148519 0.040537 0.083696
1 0.786942 0.148519 0.044064 0.075177
1 0.786059 0.454895 0.037020 0.080852
1 0.719080 0.457025 0.044072 0.090773
1 0.303974 0.459869 0.045831 0.087942
1 0.237871 0.457733 0.042305 0.075177
1 0.239194 0.761284 0.032606 0.078008
1 0.304853 0.759869 0.040537 0.075177
1 0.720399 0.752064 0.044951 0.096448
1 0.788261 0.757025 0.036132 0.078008
0 0.504475 0.157025 0.739438 0.097877
0 0.509760 0.461284 0.757060 0.102123
0 0.513286 0.764122 0.765871 0.097864
