1 0.238314 0.107385 0.029088 0.092202
1 0.305737 0.106671 0.037011 0.076592
1 0.718196 0.104548 0.049357 0.078008
1 0.780774 0.105970 0.038779 0.080852
1 0.233465 0.408801 0.035252 0.076606
1 0.300448 0.410931 0.040537 0.075177
1 0.714670 0.415183 0.042305 0.075190
1 0.780330 0.411638 0.032614 0.070931
1 0.237435 0.716606 0.039658 0.073761
1 0.299564 0.710216 0.035252 0.078021
1 0.718196 0.710931 0.047598 0.076592
1 0.785619 0.710924 0.037899 0.082267
1 0.239198 0.990216 0.029080 0.019567
1 0.303090 0.990216 0.035252 0.019567
1 0.719080 0.986671 0.040537 0.026658
1 0.784739 0.988794 0.037899 0.022412
0 0.512410 0.110223 0.785261 0.097877
0 0.511967 0.417313 0.798477 0.102123
0 0.515493 0.720151 0.782614 0.117733
0 0.512850 0.980996 0.784381 0.038008
