1 0.246690 0.203834 0.033493 0.103552
1 0.310582 0.206671 0.043184 0.097877
1 0.719520 0.212346 0.043192 0.100708
1 0.787382 0.212346 0.044943 0.089358
1 0.243603 0.564122 0.034373 0.097864
1 0.311026 0.574050 0.037020 0.100708
1 0.717317 0.590360 0.044064 0.093617
1 0.784296 0.593198 0.037011 0.090773
1 0.786502 0.952628 0.043184 0.094744
1 0.722606 0.951356 0.029967 0.092202
1 0.310143 0.952064 0.029959 0.090786
1 0.246246 0.950498 0.032606 0.099004
0 0.509324 0.209509 0.743844 0.146094
0 0.504914 0.578303 0.740318 0.177313
0 0.510204 0.935603 0.738550 0.128794
