1 0.245806 0.208801 0.031726 0.079436
1 0.309263 0.211638 0.040546 0.082280
1 0.725688 0.214469 0.034373 0.073761
1 0.788705 0.216599 0.038779 0.083683
1 0.790029 0.513054 0.034373 0.078008
1 0.724805 0.520151 0.039658 0.078021
1 0.309259 0.510216 0.038779 0.078021
1 0.241397 0.507385 0.035252 0.080852
1 0.246686 0.814476 0.031726 0.085098
1 0.311906 0.818735 0.037020 0.068087
1 0.723485 0.812346 0.042296 0.078008
1 0.792227 0.812346 0.035252 0.072346
0 0.516372 0.204548 0.757940 0.116304
0 0.526507 0.510216 0.769397 0.129083
0 0.526071 0.807379 0.756181 0.099292
