1 0.241840 0.024260 0.032606 0.048519
1 0.307496 0.022837 0.042305 0.045675
1 0.724805 0.022130 0.039674 0.044260
1 0.788265 0.024260 0.037899 0.048519
1 0.721722 0.355609 0.037011 0.097877
1 0.787822 0.361992 0.035252 0.090773
1 0.789145 0.700288 0.036140 0.103539
1 0.720843 0.698159 0.040546 0.093617
1 0.308379 0.705963 0.038779 0.083696
1 0.242720 0.705963 0.039658 0.095046
1 0.241401 0.353486 0.033485 0.087942
1 0.307940 0.357031 0.041417 0.095033
0 0.524308 0.034187 0.784381 0.068375
0 0.524748 0.352064 0.776450 0.136160
0 0.523864 0.696743 0.779976 0.139017
