1 0.240077 0.200996 0.036132 0.072346
1 0.305737 0.200295 0.035252 0.082267
1 0.724809 0.198873 0.043184 0.076592
1 0.784735 0.201704 0.034373 0.073761
1 0.785179 0.508801 0.037020 0.075190
1 0.725248 0.508093 0.035252 0.068087
1 0.308819 0.513761 0.037899 0.085111
1 0.240957 0.510931 0.036132 0.085111
1 0.238754 0.827949 0.029967 0.080852
1 0.304414 0.824404 0.034365 0.073761
1 0.721283 0.820151 0.037891 0.070917
1 0.788705 0.822274 0.038779 0.078021
0 0.515053 0.208087 0.771164 0.100708
0 0.518575 0.518735 0.769397 0.106383
0 0.515053 0.835039 0.774682 0.120564
