1 0.237435 0.246389 0.048469 0.097864
1 0.330415 0.242136 0.061694 0.109227
1 0.708502 0.245682 0.061694 0.110629
1 0.803689 0.242844 0.054642 0.107811
1 0.802801 0.565537 0.054642 0.109214
1 0.709385 0.564122 0.059927 0.106383
1 0.326885 0.566252 0.058168 0.102123
1 0.235672 0.562700 0.059047 0.097877
1 0.239634 0.885393 0.045831 0.107798
1 0.330855 0.891068 0.060814 0.107798
1 0.711148 0.894613 0.061694 0.112058
1 0.805008 0.886815 0.053762 0.096461
0 0.522985 0.240007 0.772923 0.161691
0 0.525187 0.564122 0.775570 0.171625
0 0.525627 0.886101 0.774691 0.157444
