1 0.239198 0.034187 0.041425 0.068375
1 0.304857 0.034187 0.035252 0.068375
1 0.719080 0.033480 0.029967 0.066959
1 0.785619 0.029934 0.037899 0.059869
1 0.790024 0.310931 0.036140 0.085111
1 0.722162 0.308801 0.041425 0.086514
1 0.306177 0.313761 0.036132 0.085111
1 0.240077 0.322988 0.037891 0.086527
1 0.240077 0.621566 0.039666 0.082267
1 0.304857 0.615891 0.044064 0.076606
1 0.722606 0.612346 0.038779 0.089358
1 0.785619 0.608093 0.041417 0.080852
1 0.788705 0.910223 0.031726 0.086527
1 0.723042 0.918735 0.043184 0.080852
1 0.303534 0.912346 0.044951 0.065242
1 0.238758 0.918729 0.035252 0.078008
0 0.518135 0.044823 0.770277 0.089646
0 0.517256 0.313054 0.779088 0.114889
0 0.519458 0.617313 0.776441 0.136173
0 0.518135 0.927949 0.770277 0.121979
