1 0.249332 0.190360 0.037020 0.082267
1 0.313664 0.191782 0.038779 0.099292
1 0.727891 0.174050 0.038779 0.083696
1 0.789585 0.179725 0.035261 0.089358
1 0.796197 0.500288 0.039658 0.083696
1 0.729654 0.497451 0.042305 0.083683
1 0.316311 0.498159 0.044072 0.079436
1 0.249772 0.493912 0.036140 0.082267
1 0.249332 0.795328 0.038779 0.097864
1 0.316751 0.798165 0.037899 0.086527
1 0.727011 0.795328 0.045831 0.078021
1 0.791348 0.805256 0.042305 0.086527
0 0.533998 0.177595 0.752655 0.119148
0 0.533998 0.501704 0.747362 0.123408
0 0.537524 0.799581 0.756173 0.117720
