1 0.243603 0.192490 0.034373 0.092189
1 0.311026 0.196035 0.037020 0.102136
1 0.722162 0.195321 0.036132 0.100708
1 0.784739 0.192484 0.044951 0.095033
1 0.786059 0.562700 0.038779 0.097877
1 0.724365 0.569797 0.038779 0.095033
1 0.309263 0.571212 0.035252 0.092202
1 0.242280 0.558447 0.029967 0.089371
1 0.242720 0.978866 0.025554 0.042267
1 0.308384 0.977451 0.035252 0.045098
1 0.721283 0.981704 0.037891 0.036592
1 0.784735 0.983834 0.036132 0.032333
0 0.521661 0.195328 0.780863 0.157444
0 0.523424 0.565537 0.770285 0.160275
0 0.522105 0.963978 0.772923 0.072045
