1 0.245366 0.165537 0.041417 0.083683
1 0.308379 0.169790 0.038779 0.086527
1 0.726568 0.169790 0.034373 0.089358
1 0.790464 0.168375 0.037020 0.080839
1 0.792231 0.472628 0.029967 0.070917
1 0.725688 0.474758 0.041425 0.072346
1 0.313225 0.466959 0.037899 0.076592
1 0.246250 0.464115 0.034373 0.076592
1 0.245366 0.776180 0.036140 0.070917
1 0.311022 0.780433 0.033493 0.079423
1 0.725248 0.781848 0.035252 0.076592
1 0.790464 0.780433 0.031726 0.073761
0 0.525631 0.166252 0.772923 0.136173
0 0.522541 0.464122 0.768518 0.107798
0 0.528713 0.774758 0.779088 0.102123
