1 0.236991 0.228663 0.037011 0.087942
1 0.307940 0.227949 0.044951 0.095033
1 0.722606 0.213761 0.038779 0.075177
1 0.790468 0.217313 0.042305 0.085111
1 0.786059 0.518021 0.040537 0.082280
1 0.722606 0.525111 0.045831 0.087942
1 0.307940 0.528663 0.050228 0.075177
1 0.239198 0.523696 0.041425 0.070931
1 0.242280 0.821566 0.038779 0.073748
1 0.306177 0.831494 0.041425 0.082280
1 0.719963 0.821566 0.042305 0.076606
1 0.785175 0.822982 0.035252 0.079436
0 0.516376 0.226533 0.777329 0.131913
0 0.513286 0.521566 0.779976 0.134744
0 0.519019 0.825826 0.772044 0.130498
