1 0.250212 0.090360 0.037020 0.083683
1 0.316751 0.092490 0.046710 0.096461
1 0.731417 0.092490 0.038779 0.087942
1 0.793107 0.091068 0.035252 0.085098
1 0.791787 0.396743 0.044943 0.089371
1 0.731857 0.398159 0.046710 0.083683
1 0.314992 0.392490 0.037899 0.078008
1 0.252854 0.391068 0.033493 0.080852
1 0.248888 0.697451 0.034373 0.078021
1 0.313225 0.701003 0.039658 0.082267
1 0.727891 0.697451 0.031726 0.083683
1 0.796193 0.700288 0.043184 0.072346
1 0.793107 0.983834 0.035252 0.032333
1 0.728335 0.982412 0.034373 0.035177
1 0.314552 0.983126 0.029967 0.033748
1 0.249328 0.987379 0.026441 0.025242
0 0.526511 0.085400 0.788787 0.121992
0 0.525631 0.393198 0.772923 0.147523
0 0.526950 0.696743 0.782614 0.102136
0 0.532239 0.974613 0.777329 0.050773
