1 0.240077 0.052064 0.036132 0.092202
1 0.304853 0.048519 0.033485 0.090773
1 0.722162 0.047097 0.036132 0.085098
1 0.784296 0.052064 0.042305 0.089371
1 0.787382 0.410931 0.034373 0.103539
1 0.783856 0.749934 0.036132 0.086527
1 0.716873 0.751356 0.044951 0.095033
1 0.303534 0.751350 0.039658 0.086527
1 0.241840 0.753486 0.030847 0.087942
1 0.242280 0.407385 0.026433 0.093617
1 0.302651 0.408801 0.037891 0.093617
1 0.717757 0.408093 0.039666 0.097864
0 0.511087 0.050642 0.779096 0.097877
0 0.519458 0.408093 0.769406 0.120564
0 0.523424 0.747805 0.775562 0.130498
