1 0.224214 0.016455 0.051995 0.032910
1 0.319397 0.021422 0.069625 0.042844
1 0.699686 0.019292 0.066979 0.038585
1 0.793111 0.016455 0.061694 0.032910
1 0.227300 0.279010 0.058168 0.103552
1 0.319397 0.272628 0.057280 0.093617
1 0.704536 0.287529 0.057280 0.106383
1 0.797956 0.294613 0.053762 0.100708
1 0.799279 0.597451 0.052875 0.107798
1 0.699247 0.595328 0.067858 0.103552
1 0.317191 0.590360 0.061694 0.096448
1 0.228620 0.592490 0.053754 0.097877
1 0.226857 0.893198 0.057280 0.100708
1 0.321160 0.894620 0.055529 0.095033
1 0.702333 0.901003 0.059927 0.093617
1 0.797077 0.905963 0.053762 0.097877
0 0.509324 0.036317 0.793192 0.072634
0 0.519454 0.287523 0.792313 0.160288
0 0.519019 0.595328 0.787907 0.177313
0 0.519458 0.897451 0.783493 0.171625
